233
16124
486
40502
719
29848
983
47925
1705
50413
3291
34281
3807
55202
4605
34511
6067
7464
7812
33759
9338
32139
9895
25173
11717
39684
13503
12941
14670
31275
16433
33575
17678
34602
18137
45259
20080
32493
21530
19302
23483
56150
24323
10962
26019
18925
26215
57683
27048
51092
27897
12158
29311
44024
29549
5364
31435
40739
31707
39084
32587
45903
33066
44111
34174
16917
35112
20797
35846
26595
37677
45805
39493
22604
40384
29137
40810
10874
42156
38584
42549
54366
43713
35757
44474
56296
45743
22044
46495
42610
47981
725
49654
13686
49923
15209
50660
40512
52354
23857
53860
48767
55176
10734
55842
46965
56739
20396
58170
54733
59463
27711
59608
35884
60238
26159
61650
48288
62535
31888
62959
2517
63032
27338
63271
52518
64249
21656
65539
44977
67390
3564
68374
17891
70299
19439
70535
21171
71876
4901
73726
53931
74743
55567
76294
28384
77962
3466
79940
49762
81687
34069
81761
30415
82500
49777
84377
46275
85211
20833
86652
9546
87394
5968
87749
33013
88130
3409
88933
15723
89384
14690
90672
54679
91722
53514
91919
57471
93496
7841
94119
19797
95514
47599
96756
46214
97670
20140
98181
35759
98389
44487
99233
37680
100243
44578
100667
41497
101788
31738
103357
44000
104212
45445
105992
42037
107835
24628
109155
7373
110187
1624
112051
23194
113435
46817
113542
41244
113742
18337
113744
17104
115377
7758
116606
10406
118497
20327
119131
4561
121024
33390
122187
36344
123880
47892
124555
1513
125619
2706
126448
50157
127767
4499
128047
53431
128678
53199
128857
34998
129300
54578
129653
7561
129901
31740
131350
59442
132803
29281
133664
33091
134141
14000
134658
27605
135516
5905
137076
40984
137667
46664
138249
54565
139219
18262
139815
58543
140011
27198
141023
48823
142893
20453
144110
42527
145081
7058
145485
30966
146625
10742
147223
10002
147571
50917
148022
19740
148230
30594
148797
34501
