21
56567
1024
37039
2411
57640
3489
36752
4351
41524
4439
22731
4824
55887
6672
29926
7445
51866
8153
47565
8780
42402
10177
28963
11687
17141
13669
48291
14524
8353
15930
57170
16554
43755
17871
58340
19104
27337
19810
17511
20019
58877
20974
22703
22074
53742
22640
15615
24411
40676
24863
17137
26177
48544
27039
31746
27665
26838
29512
31677
30503
15816
31896
7170
31924
19072
33183
58323
34736
59945
36376
23771
36919
51530
36962
50555
37164
34593
37658
43539
37823
48984
37969
21737
39469
49255
40190
54777
41512
3206
42615
56793
44386
11372
46305
40679
47901
55305
49231
55985
51214
21372
51240
31585
51634
6514
53006
10947
53820
13340
55456
24756
55846
2571
57577
11914
57599
55051
57762
42714
58292
54713
59103
52874
60159
17378
60476
32403
62306
53210
64175
47090
64780
31382
66073
48523
67329
8966
68596
9466
70161
50514
70845
55352
71598
25424
72791
23335
74298
32448
76177
7387
78063
38660
78621
24100
79263
30078
79342
46811
79979
58792
81179
41737
81677
5099
83025
12527
83900
55644
84351
31349
84954
48505
86243
32403
86623
55612
86985
21013
88800
12057
89427
41390
90454
3802
92146
30973
94038
45653
95551
15668
95955
53286
96243
52523
97987
17678
99128
39424
99377
34888
100305
904
102140
46468
103644
46583
103878
35842
104351
52456
105750
25356
107103
14793
108706
44944
109787
14246
111254
12217
112565
19345
114406
54281
115077
53611
115968
44917
117314
29618
119190
285
119861
7238
121334
21286
121675
56889
121834
38646
122117
4403
122172
6539
123722
9343
124605
49305
125367
30550
125729
58782
126453
52230
128364
38596
129520
6878
131160
14578
132280
41689
133386
23503
133773
57988
133983
19924
135947
40238
137593
8013
137676
19307
137990
13996
139740
41189
141571
40393
142037
17855
143547
26522
144664
53799
144962
10763
146626
55192
148301
17179
150223
23401
151333
2707
152597
15574
153350
37827
154350
46825
155563
13754
157232
48100
157685
20513
157930
35821
158125
40949
158514
19926
159684
46048
160290
38248
160384
42579
160809
48301
161776
51010
162830
13143
163778
46492
164348
27119
166175
1413
166718
35773
167277
33393
168898
46481
169981
32288
170875
9517
172230
56913
174013
2383
175600
31588
175899
8030
177137
21647
177587
30320
178979
15932
180649
20661
182376
24222
183774
2180
185770
58511
185869
22080
186853
33959
188572
20071
188765
11003
190515
43127
