1647
45270
1915
27424
2813
22154
4033
52666
4522
34482
6291
34188
7380
8862
9090
44006
9239
40676
10703
20941
10956
36298
11773
1370
11824
45872
12153
43633
14095
54141
14726
46716
16445
8996
17387
58596
17868
47314
19111
11308
19245
13175
19959
13641
21019
47887
21602
38914
22424
37612
23978
27712
25953
5730
27774
39794
29263
15726
29726
45312
30721
12708
31724
44201
32894
17811
34872
24987
36158
20183
36530
26350
37511
412
38821
3166
39218
5993
40176
23364
40523
44592
41717
30799
41902
36849
43468
26180
44287
3110
44299
36463
45173
10158
45810
10949
46356
17849
46858
5176
48096
57261
50086
45942
52001
19347
53948
1758
55918
15425
56019
59871
56330
42213
57356
55183
57395
2282
58988
47526
60922
6410
62764
43189
63402
27473
63676
38917
63880
52105
64428
16560
65648
8296
65923
11030
65999
32946
67619
59133
68953
59531
69625
48105
70473
46653
71449
42804
71758
3427
72847
57290
74405
3888
74555
42595
75758
10495
77243
16702
79022
46232
79256
4470
80012
24155
81867
35683
81991
29388
83524
6032
83698
1275
84582
17717
85358
55342
86836
33969
88828
42318
89174
57637
89509
20107
90738
30383
91584
54669
92867
27650
92992
54744
94570
29374
95093
44442
95636
10546
96819
10453
97773
12843
99465
50788
100334
14294
101826
9099
102956
30586
103968
29695
103978
8811
105302
48143
107151
54957
108609
7150
109848
6598
111140
3934
111502
47069
112329
28699
112864
42453
114040
41185
115863
7296
116093
50010
116227
29698
117802
52968
118233
48579
119092
52843
119238
48848
120521
25744
122329
25168
124028
53143
124282
24478
125391
11295
126027
39783
126358
5584
126944
53537
127212
57124
127420
27781
128492
14483
129479
52811
130254
8121
131254
52257
131881
37990
133458
47592
133992
27267
135132
11884
137089
4892
137180
44381
138152
27310
139182
34606
139322
51054
141142
50954
142469
10931
142630
21262
142754
43169
142971
40774
143105
9619
144348
55976
144379
10596
145644
42119
145845
42266
147696
59541
148621
560
150112
21721
150581
19167
151472
12969
152099
48168
154037
45283
155306
40224
156896
14926
158208
58136
159076
36424
159869
15368
161592
24107
163419
26552
165385
22689
166603
4459
168098
35168
169712
54696
170297
59621
170812
9414
172203
42025
173584
23187
175216
28610
176401
25761
178356
56089
179267
28622
180242
7843
181990
40814
182033
20190
182548
53975
183193
58346
184476
34505
185866
45505
186150
20472
187096
59220
187587
24087
189240
11556
189582
37763
191223
57626
191632
58121
191836
45827
193546
10485
195001
3180
196931
30360
197076
25206
197160
16853
197953
36693
198019
53288
198102
11723
198338
47155
198627
25212
199348
59175
199655
1837
201503
6603
203409
62
205248
34604
205670
866
206245
26273
207900
47703
209037
34522
209085
14214
210534
27525
212053
19672
212054
7132
212335
19410
212480
58414
213531
8175
213540
25736
215488
13497
215713
31232
215999
20740
217783
4766
218090
3783
219362
20808
220014
34231
221993
49224
222709
3874
222940
53596
223479
22565
223515
39865
225265
6155
225360
24093
225796
56610
227611
24304
228639
19163
229843
37334
230293
50814
231836
53460
233076
32296
233280
53724
234081
50402
235934
39062
236247
47391
237768
44749
238408
36306
238921
15060
240102
28169
240256
36339
241775
18602
242077
12402
243548
24392
244209
22784
244946
40418
245508
37792
247165
38744
247517
20113
247720
31883
249075
33529
250061
4112
250103
13869
250393
11249
251379
19583
253189
15200
254300
12037
255532
18457
255743
3234
257343
4979
258776
54675
259784
12610
260163
32664
261582
41356
261957
44732
263026
38085
263146
43683
264783
18186
266088
12656
266862
2359
268274
46512
269930
28261
271107
3238
271456
21348
273354
30196
274039
48016
274058
58915
274300
723
274691
42927
275587
33015
275720
2289
276852
24646
277485
29898
278106
59296
278489
10729
280073
1272
280828
37466
281265
52940
282805
17420
283964
14686
284979
55260
286348
7572
287011
18819
287951
14313
289064
18585
290245
58157
291043
58596
291870
23808
293344
50049
294726
5158
295592
10862
295707
57192
296310
4305
297538
44583
298382
9513
298722
1021
299375
26831
301335
11410
302784
17096
304353
8504
305368
34858
305903
37987
307398
21576
308325
23464
308732
49724
309104
2321
311013
51472
312745
4539
314008
52137
315753
52588
316495
10929
318359
49684
318376
47008
319462
42207
320756
12357
322218
14643
323549
6230
324445
9485
324976
16658
326940
52211
328200
1935
328451
7093
330367
25254
331557
30372
333129
27095
333729
51279
333750
44953
335196
8887
336867
33602
338354
53582
338955
48080
339066
59760
340332
23474
342025
58013
343887
57430
344211
19539
344743
12495
345414
15588
345746
1282
346176
19513
347006
3533
348307
42595
349649
22773
351044
42105
351655
38987
351719
24275
353477
27035
354036
2050
354156
8304
354351
3722
355795
48103
356289
29213
357141
54894
359129
37556
360721
45273
361280
17549
362321
19777
363661
14300
364432
27641
365778
57615
367691
52750
368990
36067
369936
50874
370778
24092
371635
25606
372311
38021
372313
41114
373573
4132
374085
5442
375108
39321
375112
6846
377078
20723
377766
44102
379735
55663
380145
37912
381193
22318
382805
42944
384562
46321
385162
1538
386095
11156
387527
58695
389309
35620
390624
13826
392579
20862
393023
31422
393953
50502
394038
30342
394180
34529
394645
52912
395117
44879
396579
1863
397851
19656
399788
17619
400686
18866
400706
11463
400790
49244
400928
56743
402812
34746
403864
5908
404638
42814
404970
52342
406444
12559
406506
32773
406862
46473
407396
50099
408409
8561
409621
25849
411212
42642
412264
30237
413822
40313
414456
55613
414610
40809
416149
36059
417710
25756
418477
6628
420310
3095
421881
34206
423404
16649
424351
27086
425794
36736
426598
20356
428338
27560
428784
23427
429657
20160
430698
56433
431911
3770
432486
35959
434290
32911
434713
30005
435516
20637
436190
33766
437088
51551
437638
18635
439472
34119
439896
1622
441160
39226
442374
12853
443783
38376
444346
32281
445931
22022
446814
43715
448314
52714
449056
7786
450189
43171
452055
9131
452195
21714
452731
58797
453517
13224
454998
1359
455759
59966
456657
32177
458064
58763
458970
18748
460291
30086
461983
3055
463026
17176
464089
3335
465198
21180
465489
201
467043
36278
467666
38863
468172
49614
469250
38286
469873
54664
469888
34752
470149
58113
470616
33906
471339
47847
472389
11884
472811
53205
472857
48824
474285
34442
475470
7921
476283
28709
477782
11305
478116
63
478495
53079
479167
4773
479405
58716
481354
47057
482248
14192
483418
23172
485372
56782
486076
33890
487471
36025
489436
47721
490778
6217
491858
45455
493079
16693
493776
58904
495585
32030
496663
24945
497001
12406
498411
28332
498705
44012
500432
39096
500920
35765
501341
22268
503245
42649
505176
11696
505873
37047
506019
1175
506162
13781
506964
37309
507307
50088
508822
58154
509727
4636
511324
28352
512164
2048
512343
12918
512745
56498
513315
13969
515045
52387
515525
42396
515880
54886
517760
49924
518047
38138
518233
56851
518351
20113
519685
42119
519903
35612
520632
47149
522543
11766
522839
58879
523159
5290
523808
21880
525476
33121
526278
15952
528102
44780
528943
7033
530461
49802
530855
30100
532258
39830
532761
26608
534495
10993
536440
12512
537979
41223
539824
59736
539904
54625
540554
5412
541977
27334
543312
49349
545186
15246
546684
24905
547489
16421
548163
34501
549736
40505
550494
30546
551437
21280
552955
6530
554062
17224
555197
12285
555859
20060
557352
9148
559087
47248
559415
29633
559856
24010
560225
6865
561536
28301
563494
47536
564269
8867
565806
34775
566139
51686
567034
57332
